0:vacio
1:hermecio
2:wachiturro
3:pretoriano

0:arriba
1:abajo
2:izquierda
3:derecha

0 2 0
0 1 0
0 0 0
1 0 0 0

0 0 0
0 1 0
0 2 0
0 1 0 0

0 0 0
2 1 0
0 0 0
0 0 1 0

0 0 0
0 1 2
0 0 0
0 0 0 1

2 0 0
0 1 0
0 0 0
1 0 0 0

0 0 0
0 1 0
2 0 0
0 1 0 0

0 0 2
0 1 0
0 0 0
1 0 0 0

0 0 0
0 1 0
0 0 2
0 1 0 0

1 0 2
0 0 0
0 0 0
0 0 0 1

0 0 0
1 0 2
0 0 0
0 0 0 1

0 0 0
0 0 0
1 0 2
0 0 0 1

2 0 1
0 0 0
0 0 0
0 0 1 0

0 0 0
2 0 1
0 0 0
0 0 1 0

0 0 0
0 0 0
2 0 1
0 0 1 0

1 0 0
0 0 0
2 0 0
0 1 0 0

0 1 0
0 0 0
0 2 0
0 1 0 0

0 0 1
0 0 0
0 0 2
0 1 0 0

1 0 2
2 0 0
0 0 0
0 1 0 0

1 2 0
0 0 0
2 0 0
0 0 0 1

2 0 1
0 0 2
0 0 0
0 1 0 0

0 2 1
0 0 0
0 0 2
0 0 1 0

1 0 2
2 0 0
3 0 0
0 0 0 1

1 2 3
0 0 0
2 0 0
0 1 0 0

2 0 1
0 0 2
0 0 3
0 0 1 0

3 2 1
0 0 0
0 0 2
0 1 0 0